5.524101667106151581e-03
1.360465865582227707e-02
-2.594305872917175293e-01
-1.517597399652004242e-02
4.025649130344390869e-01
4.695574194192886353e-02
-7.699233945459127426e-03
1.158259157091379166e-02
4.179418832063674927e-02
-2.261829972267150879e-01
-8.611306548118591309e-03
-1.396737899631261826e-02
-1.512313354760408401e-02
-1.300964038819074631e-02
-2.049185708165168762e-02
-8.583887480199337006e-03
3.341447096318006516e-03
5.767805501818656921e-02
3.636530414223670959e-02
-5.675808526575565338e-03
-4.797420650720596313e-02
5.963686853647232056e-03
-5.022116936743259430e-03
-1.337101217359304428e-02
-6.987061817198991776e-03
5.025342851877212524e-02
7.393188308924436569e-03
-5.743716843426227570e-03
2.124018222093582153e-02
-1.894191466271877289e-02
1.518147299066185951e-03
2.519292384386062622e-02
-2.046838961541652679e-02
1.670087873935699463e-02
1.921625435352325439e-02
-9.360036929138004780e-04
5.224814265966415405e-02
9.317972697317600250e-03
-4.839033819735050201e-03
1.817448996007442474e-03
1.495274342596530914e-02
1.036435086280107498e-02
1.718129217624664307e-02
-2.552326302975416183e-03
6.511021405458450317e-02
4.390654563903808594e-01
1.678669825196266174e-02
4.534252919256687164e-03
1.962598972022533417e-02
-1.379132969304919243e-03
-5.425810348242521286e-03
-4.404332488775253296e-02
3.106191055849194527e-03
-1.263831835240125656e-02
8.581840433180332184e-03
-7.124536205083131790e-03
9.013074450194835663e-04
-2.652298193424940109e-03
5.127992946654558182e-03
-7.649777829647064209e-02
6.592381978407502174e-04
2.296424470841884613e-03
7.722973357886075974e-03
1.200659386813640594e-02
4.136898741126060486e-02
1.178319938480854034e-02
3.820678219199180603e-02
-1.418415643274784088e-02
1.370272971689701080e-02
6.502380222082138062e-02
-2.723189629614353180e-02
-1.106864959001541138e-02
-2.233161777257919312e-02
-1.242014579474925995e-02
5.279069766402244568e-02
7.823567837476730347e-03
3.783670021221041679e-03
-9.407101199030876160e-03
-6.798062939196825027e-03
-1.275268942117691040e-02
-3.522874321788549423e-03
9.854809613898396492e-04
1.863388903439044952e-02
-3.868919098749756813e-03
5.665582418441772461e-02
-1.726447790861129761e-02
-5.763656646013259888e-02
3.932334855198860168e-02
-1.079459581524133682e-02
1.601628586649894714e-02
2.264232560992240906e-02
2.780984342098236084e-02
-2.362640388309955597e-02
1.800172328948974609e-01
1.324855955317616463e-03
-2.973800990730524063e-03
-6.326960399746894836e-03
3.128185635432600975e-03
-9.917995193973183632e-04
-4.880052059888839722e-02
1.550697139464318752e-03
-1.795110665261745453e-02
-3.601619508117437363e-03
5.461100488901138306e-03
-4.079021513462066650e-03
-1.789245568215847015e-02
-5.929066333919763565e-03
2.433347748592495918e-03
-5.014025047421455383e-02
-5.134683102369308472e-03
4.560941457748413086e-01
-1.876613125205039978e-02
-1.229696208611130714e-03
4.102352540940046310e-03
4.119054228067398071e-02
7.748112082481384277e-02
-1.230236422270536423e-02
-6.484085228294134140e-03
-1.823972561396658421e-03
4.385482985526323318e-03
4.998968448489904404e-03
-8.582932874560356140e-03
-1.292069256305694580e-02
-1.077920664101839066e-02
-1.388382166624069214e-02
-2.035790123045444489e-02
1.045537460595369339e-02
-1.695019565522670746e-02
1.220820378512144089e-02
2.082607001066207886e-01
1.997088454663753510e-02
4.342539701610803604e-03
-1.043441146612167358e-02
1.770017552189528942e-03
1.746545429341495037e-03
-1.382193621248006821e-02
1.510345027782022953e-03
1.285720150917768478e-02
-1.519762724637985229e-02
1.391378173138946295e-04
2.691891603171825409e-02
-8.662751060910522938e-04
-1.023163553327322006e-02
-3.468723595142364502e-02
-3.633618354797363281e-02
-1.952182687819004059e-02
7.208675146102905273e-03
6.652166135609149933e-03
7.932269945740699768e-03
-2.829273231327533722e-03
3.867601917590945959e-04
-3.728683665394783020e-02
-1.266364473849534988e-03
-3.001478873193264008e-02
6.410549394786357880e-04
-1.567049920558929443e-01
-9.337499737739562988e-03
6.137017626315355301e-03
-2.327427826821804047e-02
3.112030588090419769e-02
-1.502055022865533829e-02
-1.362887863069772720e-02
5.341081880033016205e-03
3.720538457855582237e-03
-7.190675823949277401e-04
4.912623763084411621e-02
7.635937537997961044e-03
-2.824496291577816010e-02
-6.787249818444252014e-03
-3.633103333413600922e-03
-1.150285545736551285e-02
4.464802332222461700e-03
-8.777647279202938080e-03
-5.034714005887508392e-03
-8.264712058007717133e-03
1.268379110842943192e-02
9.662809781730175018e-03
-4.996260628104209900e-03
-1.518493401817977428e-03
-2.075836062431335449e-02
-4.422672092914581299e-01
-1.660518720746040344e-02
-3.036114852875471115e-03
3.554926021024584770e-03
-2.323407866060733795e-02
-1.087689306586980820e-03
2.065957710146903992e-02
2.794697582721710205e-01
-1.099393516778945923e-02
7.368631660938262939e-03
5.714326398447155952e-04
1.053231488913297653e-02
1.733993738889694214e-02
-2.563858404755592346e-02
-3.394705243408679962e-03
-4.661658033728599548e-02
-8.145581930875778198e-03
3.012214042246341705e-02
-3.192859468981623650e-03
4.775628447532653809e-03
1.846472383476793766e-03
4.509576857089996338e-01
3.846045816317200661e-03
-1.517838914878666401e-03
1.903158612549304962e-02
-7.696551084518432617e-02
-1.401414070278406143e-02
9.729348123073577881e-02
-1.544003654271364212e-02
8.015437051653862000e-03
4.081998951733112335e-03
-3.265539556741714478e-02
-6.632270291447639465e-03
-3.919528797268867493e-03
-5.147994030267000198e-03
4.919840954244136810e-03
-1.199848670512437820e-02
-6.657177582383155823e-03
3.427504794672131538e-03
5.055519938468933105e-02
-1.179906819015741348e-02
-2.342252433300018311e-02
1.589305931702256203e-03
1.407361240126192570e-03
1.107806339859962463e-02
-1.421360205858945847e-02
-4.779160395264625549e-02
-1.210657786577939987e-02
-8.946941792964935303e-02
1.018952112644910812e-03
1.146695669740438461e-02
2.762166038155555725e-02
3.423065692186355591e-02
9.967993944883346558e-03
-2.860557734966278076e-01
-1.810065507888793945e-01
-3.352094069123268127e-02
4.687404260039329529e-03
2.218774287030100822e-03
4.844259098172187805e-02
-1.853469014167785645e-02
-1.927090249955654144e-02
-1.343518728390336037e-03
-6.816058885306119919e-03
1.416248641908168793e-02
1.645428501069545746e-02
-3.387807682156562805e-02
-1.798249036073684692e-01
2.980741113424301147e-02
3.949336707592010498e-03
-2.832407876849174500e-02
5.320862531661987305e-01
1.211224496364593506e-02
-2.057260088622570038e-02
9.661210700869560242e-03
4.095287248492240906e-02
-1.673591136932373047e-02
3.260771930217742920e-02
-5.124672781676054001e-03
8.817249909043312073e-03
7.707844953984022141e-03
1.426696497946977615e-02
-7.333122193813323975e-03
-2.972236834466457367e-02
-4.154110327363014221e-03
2.733889594674110413e-02
-2.348951809108257294e-02
1.284986827522516251e-02
2.828663401305675507e-02
4.639493301510810852e-03
-2.858114056289196014e-02
-3.763156756758689880e-02
-1.965461373329162598e-01
1.302215084433555603e-02
7.793320692144334316e-04
7.546028587967157364e-03
1.292957272380590439e-02
-1.018762681633234024e-02
-3.339119851589202881e-01
1.011068895459175110e-01
3.644808428362011909e-03
2.005993202328681946e-02
-2.024566754698753357e-03
-1.380438264459371567e-02
9.068368002772331238e-03
-4.994282871484756470e-02
-2.022135816514492035e-02
-2.523924922570586205e-03
4.095251485705375671e-02
1.087741926312446594e-02
-9.283932158723473549e-04
-3.125694766640663147e-02
-1.541557442396879196e-02
5.992421880364418030e-03
3.856633603572845459e-02
1.662190817296504974e-02
-1.512364111840724945e-02
2.176800556480884552e-02
4.446186125278472900e-03
-4.480512347072362900e-03
-2.207629196345806122e-02
-4.955908656120300293e-02
-1.407059561461210251e-02
-2.853251062333583832e-02
-2.687310613691806793e-02
-1.045937300659716129e-03
-5.414887797087430954e-03
7.417988032102584839e-03
6.342932581901550293e-03
-1.182730123400688171e-02
8.179290220141410828e-03
1.100136153399944305e-02
-3.952483832836151123e-02
5.727671552449464798e-03
4.673703759908676147e-02
-5.210003815591335297e-03
1.433669310063123703e-02
7.530045113526284695e-04
-4.949567839503288269e-02
-1.004362851381301880e-02
2.421410679817199707e-01
-8.028148673474788666e-03
5.648508085869252682e-04
-1.523641403764486313e-02
1.588690909557044506e-03
9.993498772382736206e-02
3.486983710899949074e-03
-6.871259771287441254e-03
1.050025457516312599e-03
-4.467215016484260559e-02
2.063599880784749985e-03
2.544247945479582995e-05
4.076324403285980225e-03
1.371877640485763550e-02
2.562452852725982666e-02
6.205221638083457947e-03
-3.018643520772457123e-02
9.810008108615875244e-03
-2.865118160843849182e-02
9.929315187036991119e-03
-1.350488662719726562e-01
-1.006059534847736359e-02
-7.606384158134460449e-02
9.682459756731987000e-03
6.480899639427661896e-03
2.503003776073455811e-01
3.100354038178920746e-02
-1.186935187433846295e-04
4.346526693552732468e-03
-4.738800227642059326e-02
7.303230464458465576e-03
6.156603340059518814e-03
5.826205611228942871e-01
-1.165483333170413971e-02
3.265056060627102852e-03
-8.782414719462394714e-03
-2.291539870202541351e-02
-1.069789156317710876e-01
6.749460473656654358e-03
1.438873261213302612e-02
5.087955668568611145e-02
2.072239760309457779e-03
-3.982030972838401794e-02
1.384499599225819111e-03
1.688635796308517456e-01
-6.290821358561515808e-03
-9.668233804404735565e-03
-8.311218582093715668e-03
1.876028068363666534e-02
-2.453877776861190796e-02
1.622426137328147888e-02
-2.638627588748931885e-02
1.294932048767805099e-02
4.632324911653995514e-03
-9.222287684679031372e-02
-7.907293736934661865e-03
1.818476989865303040e-02
-4.033541306853294373e-03
1.885752566158771515e-02
-1.091692596673965454e-03
-4.637745209038257599e-03
-2.034003846347332001e-03
9.105138778686523438e-01
-3.915910422801971436e-02
2.631821483373641968e-02
-4.938689526170492172e-03
3.503249026834964752e-03
2.390199108049273491e-03
3.451979160308837891e-02
2.903622575104236603e-02
8.082020096480846405e-03
-1.854769326746463776e-02
1.365568581968545914e-02
-2.792463405057787895e-03
1.967366039752960205e-02
1.883156225085258484e-02
9.220735169947147369e-03
-1.287268847227096558e-02
-1.591204851865768433e-01
-2.393349632620811462e-02
3.584502963349223137e-03
5.923118442296981812e-02
-1.428294368088245392e-02
-7.230504415929317474e-03
1.387539226561784744e-02
-9.171152487397193909e-05
-4.100608825683593750e-01
-1.269922591745853424e-02
7.919484749436378479e-03
-1.103734038770198822e-02
-4.153010621666908264e-02
7.448021322488784790e-03
1.713614352047443390e-02
1.840686053037643433e-02
-5.563094839453697205e-02
-4.923067614436149597e-02
-1.838028803467750549e-02
3.685561940073966980e-02
5.181811749935150146e-02
-1.388605032116174698e-02
-3.808641107752919197e-03
1.983435591682791710e-03
-1.712814159691333771e-02
7.321033626794815063e-03
-6.770129501819610596e-02
-7.649229839444160461e-03
5.788606591522693634e-03
3.705535456538200378e-02
9.422822855412960052e-03
2.339055761694908142e-03
2.829516597557812929e-04
3.307069465517997742e-02
1.480898354202508926e-02
6.701410748064517975e-03
3.995590377599000931e-03
1.398590207099914551e-02
-5.101703107357025146e-03
6.958306184969842434e-04
1.145698036998510361e-02
-1.015951018780469894e-02
1.973167620599269867e-02
3.982761700171977282e-04
9.722150862216949463e-03
-9.882155805826187134e-03
-4.379910416901111603e-03
1.073970180004835129e-02
-1.259149750694632530e-03
-4.279660061001777649e-02
-6.491432338953018188e-02
-4.144281446933746338e-01
-4.453456494957208633e-03
-4.168729763478040695e-03
-1.511564385145902634e-02
-1.524983905255794525e-02
5.040458962321281433e-02
-4.636346921324729919e-02
2.312732860445976257e-03
-2.163894101977348328e-02
-1.688854694366455078e-01
-4.979528859257698059e-02
1.358941663056612015e-02
-2.028913469985127449e-03
4.233730491250753403e-03
3.794625867158174515e-03
-2.687515690922737122e-02
3.420872241258621216e-02
-5.590219516307115555e-03
1.190116852521896362e-01
1.427277084439992905e-02
1.224447414278984070e-02
-1.377274282276630402e-02
2.213356494903564453e-01
9.208563133142888546e-04
2.556153759360313416e-02
-6.059563159942626953e-02
-5.003271624445915222e-03
-1.080158166587352753e-02
7.172762416303157806e-03
-2.114325761795043945e-02
3.245747415348887444e-03
-5.599386524409055710e-03
-3.547129407525062561e-02
-3.423674963414669037e-03
7.137482985854148865e-03
1.087920833379030228e-02
-2.094474807381629944e-02
-9.901978075504302979e-03
3.688515722751617432e-02
5.037026014178991318e-03
4.091738760471343994e-01
-3.577131032943725586e-02
-1.259128283709287643e-02
4.809199366718530655e-03
-2.036468498408794403e-02
-1.830106973648071289e-02
7.674124091863632202e-02
2.769850427284836769e-03
-2.113987505435943604e-02
1.507674250751733780e-02
-9.502179920673370361e-03
1.769986562430858612e-02
-9.781368076801300049e-03
-2.326188609004020691e-02
-4.847210366278886795e-03
-3.419885039329528809e-02
5.300536006689071655e-02
2.238684892654418945e-02
-4.501659795641899109e-02
2.266314625740051270e-02
-4.335159901529550552e-03
1.624255254864692688e-02
-3.456066548824310303e-02
-2.065036445856094360e-01
-1.509195473045110703e-02
1.638613641262054443e-02
3.866691375151276588e-03
4.531863927841186523e-01
-7.859993726015090942e-03
-1.505181342363357544e-01
2.255032025277614594e-02
2.149581350386142731e-02
1.297635305672883987e-02
4.962325841188430786e-02
3.183499723672866821e-02
-1.377544482238590717e-03
1.524119265377521515e-02
1.025683130137622356e-03
-1.906246691942214966e-02
-7.781425025314092636e-03
1.036079302430152893e-01
-7.858588360249996185e-03
-9.488021954894065857e-03
7.552538067102432251e-03
1.958160428330302238e-03
1.242221705615520477e-02
2.134295366704463959e-02
-8.722968777874484658e-05
-1.286371331661939621e-02
1.112827565521001816e-02
1.325854245806112885e-04
-3.974176011979579926e-03
-2.364647760987281799e-02
1.882468815892934799e-03
-1.254886109381914139e-02
4.615713376551866531e-03
-6.157291121780872345e-03
3.719648718833923340e-02
-2.023192867636680603e-02
1.456849183887243271e-02
-4.974693059921264648e-02
-9.848789777606725693e-04
-7.885052822530269623e-03
1.699197851121425629e-02
-9.606654755771160126e-03
6.026904564350843430e-03
1.300929021090269089e-02
-6.426694244146347046e-02
2.221608534455299377e-03
-2.286118119955062866e-01
1.426198869012296200e-03
6.232278537936508656e-04
-2.641348168253898621e-03
-7.957856170833110809e-03
-2.420226344838738441e-03
-4.729564487934112549e-02
-8.657886646687984467e-03
2.136142225936055183e-03
1.296917675063014030e-03
1.249884907156229019e-02
1.001031994819641113e-01
-2.071238309144973755e-02
-7.208524271845817566e-03
3.376462496817111969e-03
2.115058340132236481e-02
-2.524265088140964508e-02
-2.066400600597262383e-03
-5.648995190858840942e-02
-1.966139068827033043e-03
6.820401642471551895e-03
-4.903106018900871277e-03
7.081280462443828583e-03
1.082776766270399094e-02
4.622336942702531815e-03
-9.740330860950052738e-04
1.465550158172845840e-02
4.222641140222549438e-02
2.847907599061727524e-03
1.162826120853424072e-01
-5.504759028553962708e-03
3.321437689010053873e-04
-6.373698823153972626e-03
5.365313962101936340e-03
1.794744841754436493e-02
-2.675725705921649933e-02
2.063598297536373138e-02
-7.919471710920333862e-03
-6.708280416205525398e-04
-5.187361966818571091e-03
-3.212762251496315002e-02
-1.812251470983028412e-02
3.475132212042808533e-02
4.576132632791996002e-03
-7.745217531919479370e-03
-1.526267733424901962e-03
1.400725636631250381e-02
-1.672381162643432617e-02
3.630260471254587173e-03
-3.186338022351264954e-02
-7.769338320940732956e-03
-8.013866841793060303e-03
9.718095883727073669e-03
1.153858192265033722e-02
-8.412034064531326294e-02
1.251231282949447632e-01
-2.472191676497459412e-02
-1.405341667123138905e-03
2.969236520584672689e-04
1.001887861639261246e-02
8.316384628415107727e-03
-5.323827732354402542e-03
-1.701246052980422974e-01
1.393784210085868835e-02
-8.711157739162445068e-02
-6.308830808848142624e-03
7.986151613295078278e-03
4.087213019374758005e-04
-1.262945532798767090e-01
-1.438816338777542114e-01
-3.393386304378509521e-01
-8.325391449034214020e-03
1.686014118604362011e-03
1.216175034642219543e-02
1.807106658816337585e-02
4.566661547869443893e-03
4.861138761043548584e-02
-3.985210321843624115e-03
-1.691503822803497314e-02
1.560108363628387451e-01
3.924398496747016907e-02
-1.297059096395969391e-02
-8.713945862837135792e-04
-2.551488578319549561e-02
-2.184179844334721565e-03
7.791853696107864380e-02
-1.847311295568943024e-02
5.438349843025207520e-01
8.157568052411079407e-03
1.438381336629390717e-02
-6.894285324960947037e-03
8.941886015236377716e-03
-1.411321312189102173e-01
1.050619501620531082e-02
1.266771256923675537e-01
-7.195778656750917435e-03
3.407368063926696777e-02
-1.990157924592494965e-02
-3.415184095501899719e-02
6.761252414435148239e-03
8.646190911531448364e-02
4.951951559633016586e-04
3.603869583457708359e-03
1.509700994938611984e-02
2.456063963472843170e-02
-4.165159189142286777e-04
-3.313026158139109612e-03
-8.606427349150180817e-03
3.522232640534639359e-03
-7.738023530691862106e-03
1.702158525586128235e-02
-5.210862495005130768e-03
-4.673121273517608643e-01
-1.126143150031566620e-02
1.267571598291397095e-01
-3.265882655978202820e-02
7.330556400120258331e-03
-1.607920415699481964e-02
1.998784765601158142e-02
-2.877600863575935364e-02
7.867201566696166992e-01
5.403419490903615952e-03
4.222645889967679977e-03
6.447301246225833893e-03
1.580840325914323330e-03
1.692729443311691284e-02
5.391422659158706665e-03
5.830621812492609024e-03
6.764760613441467285e-02
2.096441015601158142e-02
1.202612929046154022e-02
-9.058895520865917206e-03
-4.447903484106063843e-03
-1.720723521430045366e-04
2.238858304917812347e-02
-1.687613502144813538e-02
1.150649785995483398e-02
1.064640283584594727e-02
-8.084973669610917568e-04
1.521244645118713379e-03
-3.100318834185600281e-03
-6.899735890328884125e-03
2.162155881524085999e-02
8.358472026884555817e-03
2.605336159467697144e-02
5.374026950448751450e-03
7.323567988350987434e-04
6.191918998956680298e-02
1.746503412723541260e-01
4.328259732574224472e-03
6.487429607659578323e-03
1.723338104784488678e-02
3.248592605814337730e-03
-4.312847740948200226e-03
2.131640538573265076e-02
5.035398062318563461e-03
-3.039455711841583252e-01
6.208373233675956726e-03
2.805300615727901459e-02
-3.180784173309803009e-03
-1.097407948691397905e-04
2.057045139372348785e-02
1.748721115291118622e-02
-2.068880479782819748e-03
-1.796246397134382278e-05
3.752355929464101791e-03
1.355142425745725632e-02
-5.300103221088647842e-03
8.540599793195724487e-02
2.821987727656960487e-03
-4.862330853939056396e-02
-8.824836462736129761e-03
3.513865231070667505e-04
2.456769288983196020e-04
5.068643484264612198e-03
-1.471245195716619492e-02
-1.015433445572853088e-01
2.876680344343185425e-03
-1.465662289410829544e-02
-8.895208127796649933e-03
-1.167116314172744751e-02
-6.204497534781694412e-03
3.720598993822932243e-03
-1.539627648890018463e-02
-3.210263326764106750e-02
6.854557432234287262e-03
-6.822633743286132812e-02
4.704155493527650833e-03
2.878624945878982544e-02
-5.779588827863335609e-04
-2.687120111659169197e-03
2.071958966553211212e-02
4.630938638001680374e-03
1.349487714469432831e-02
9.079854004085063934e-03
1.846369414124637842e-04
6.721520423889160156e-02
-9.026452898979187012e-02
-1.074505783617496490e-02
1.055002212524414062e-02
2.385485358536243439e-02
-5.464587211608886719e-01
4.804115742444992065e-03
-1.169148646295070648e-02
-1.708127744495868683e-02
-2.666878327727317810e-02
1.924319937825202942e-02
-6.647590547800064087e-03
4.861499182879924774e-03
-4.043325781822204590e-01
